Stats on the data:
               Age         FEV         Hgt         Sex       Smoke
count  654.000000  654.000000  654.000000  654.000000  654.000000
mean     9.931193    2.636780   61.143578    0.513761    0.099388
std      2.953935    0.867059    5.703513    0.500193    0.299412
min      3.000000    0.791000   46.000000    0.000000    0.000000
25%      8.000000    1.981000   57.000000    0.000000    0.000000
50%     10.000000    2.547500   61.500000    1.000000    0.000000
75%     12.000000    3.118500   65.500000    1.000000    0.000000
max     19.000000    5.793000   74.000000    1.000000    1.000000


Number of Males: 336

Stats on smokers:
              Age        FEV        Hgt       Sex  Smoke  Gender_m
count  65.000000  65.000000  65.000000  65.00000   65.0  65.00000
mean   13.523077   3.276862  65.953846   0.40000    1.0   0.40000
std     2.339255   0.749986   3.192671   0.49371    0.0   0.49371
min     9.000000   1.694000  58.000000   0.00000    1.0   0.00000
25%    12.000000   2.795000  63.500000   0.00000    1.0   0.00000
50%    13.000000   3.169000  66.000000   0.00000    1.0   0.00000
75%    15.000000   3.751000  68.000000   1.00000    1.0   1.00000
max    19.000000   4.872000  72.000000   1.00000    1.0   1.00000

Stats on non-smokers:
               Age         FEV         Hgt         Sex  Smoke    Gender_m
count  589.000000  589.000000  589.000000  589.000000  589.0  589.000000
mean     9.534805    2.566143   60.612733    0.526316    0.0    0.526316
std      2.740642    0.850522    5.672432    0.499731    0.0    0.499731
min      3.000000    0.791000   46.000000    0.000000    0.0    0.000000
25%      8.000000    1.920000   57.000000    0.000000    0.0    0.000000
50%      9.000000    2.465000   61.000000    1.000000    0.0    1.000000
75%     11.000000    3.048000   64.500000    1.000000    0.0    1.000000
max     19.000000    5.793000   74.000000    1.000000    0.0    1.000000

Stats on boys who smoke:
              Age        FEV        Hgt   Sex  Smoke  Gender_m
count  26.000000  26.000000  26.000000  26.0   26.0      26.0
mean   13.923077   3.743231  68.057692   1.0    1.0       1.0
std     2.464517   0.889468   3.232111   0.0    0.0       0.0
min     9.000000   1.694000  58.000000   1.0    1.0       1.0
25%    12.000000   3.358750  67.000000   1.0    1.0       1.0
50%    14.000000   3.878000  68.000000   1.0    1.0       1.0
75%    16.000000   4.380250  69.375000   1.0    1.0       1.0
max    18.000000   4.872000  72.000000   1.0    1.0       1.0

Stats on girls who smoke:
              Age        FEV        Hgt   Sex  Smoke  Gender_m
count  39.000000  39.000000  39.000000  39.0   39.0      39.0
mean   13.256410   2.965949  64.551282   0.0    1.0       0.0
std     2.244501   0.422861   2.290699   0.0    0.0       0.0
min    10.000000   2.198000  60.000000   0.0    1.0       0.0
25%    11.500000   2.678000  63.000000   0.0    1.0       0.0
50%    13.000000   3.074000  65.000000   0.0    1.0       0.0
75%    15.000000   3.197000  66.000000   0.0    1.0       0.0
max    19.000000   3.835000  69.500000   0.0    1.0       0.0

Number of smokers:
 0    589
1     65
Name: Smoke, dtype: int64

FEV and Age:
 AgeGroup       3-4       5-9     10-14     15-19
Sex                                             
0         1.280857  2.028878  2.872844  2.961864
1         1.248250  2.092733  3.286729  4.319852

FEV and Smoking:
 Smoke         0         1
Sex                      
0      2.379211  2.965949
1      2.734381  3.743231

FEV and Height
 Hgt   46.0   46.5    47.0  48.0     49.0   49.5    50.0   50.5   51.0    51.5  \
Sex                                                                             
0    1.072  1.196     NaN  1.11  1.41925    NaN  1.3378    NaN  1.580  1.4735   
1      NaN    NaN  0.9805  1.27      NaN  1.425  1.7935  1.536  1.683  1.5140   

Hgt      52.0   52.5      53.0   53.5      54.0      54.5      55.0   55.5  \
Sex                                                                          
0    1.388667  1.577  1.688667  1.415  1.640800  1.748333  1.631333  2.036   
1    1.591500  1.710  1.664583  1.974  1.780857  1.838000  1.803444  1.807   

Hgt      56.0      56.5      57.0    57.5      58.0    58.5      59.0  \
Sex                                                                     
0    1.650500  1.787500  1.903727  1.9300  2.193417  1.9440  2.199583   
1    2.024571  1.878667  2.087533  1.8286  2.016900  2.1314  2.349556   

Hgt      59.5      60.0      60.5      61.0      61.5      62.0     62.5  \
Sex                                                                        
0    2.517000  2.565905  2.556333  2.698067  2.625667  2.786143  2.77775   
1    2.514875  2.278667  2.325333  2.469889  2.541000  2.658222  2.82950   

Hgt     63.0      63.5      64.0      64.5      65.0   65.4      65.5  \
Sex                                                                     
0    2.72664  2.995111  2.973133  2.863875  3.089636  2.434  3.154375   
1    2.87700  2.757250  2.697250  3.100182  2.769875    NaN  3.034333   

Hgt     66.0      66.5      67.0      67.5      68.0    68.5      69.0  \
Sex                                                                      
0    2.98375  3.284333  3.166571  2.922200  3.214000  3.3300       NaN   
1    3.11520  3.353333  3.779077  3.611857  3.877929  3.8717  4.022182   

Hgt      69.5      70.0      70.5   71.0  71.5      72.0   72.5   73.0   73.5  \
Sex                                                                             
0    3.835000       NaN       NaN  2.538   NaN       NaN    NaN    NaN    NaN   
1    3.742667  4.197455  3.930571  4.310  4.72  4.360875  4.272  5.255  3.645   

Hgt   74.0  
Sex         
0      NaN  
1    4.654  
Boys: FEV to Age Correlation: 0.8109481060687461
Boys: FEV to Height Correlation: 0.8823832564474551
Boys: FEV to Smoking Correlation: 0.2689939233248913
Girls: FEV to Age Correlation: 0.7390163202201087
Girls: FEV to Height Correlation: 0.8342846969895438
Girls: FEV to Smoking Correlation: 0.2985244486513611
