Stats on the data:
               Age         FEV         Hgt         Sex       Smoke
count  654.000000  654.000000  654.000000  654.000000  654.000000
mean     9.931193    2.636780   61.143578    0.513761    0.099388
std      2.953935    0.867059    5.703513    0.500193    0.299412
min      3.000000    0.791000   46.000000    0.000000    0.000000
25%      8.000000    1.981000   57.000000    0.000000    0.000000
50%     10.000000    2.547500   61.500000    1.000000    0.000000
75%     12.000000    3.118500   65.500000    1.000000    0.000000
max     19.000000    5.793000   74.000000    1.000000    1.000000


Number of Males: 336

Stats on smokers:
              Age        FEV        Hgt       Sex  Smoke  Gender_m
count  65.000000  65.000000  65.000000  65.00000   65.0  65.00000
mean   13.523077   3.276862  65.953846   0.40000    1.0   0.40000
std     2.339255   0.749986   3.192671   0.49371    0.0   0.49371
min     9.000000   1.694000  58.000000   0.00000    1.0   0.00000
25%    12.000000   2.795000  63.500000   0.00000    1.0   0.00000
50%    13.000000   3.169000  66.000000   0.00000    1.0   0.00000
75%    15.000000   3.751000  68.000000   1.00000    1.0   1.00000
max    19.000000   4.872000  72.000000   1.00000    1.0   1.00000

Stats on non-smokers:
               Age         FEV         Hgt         Sex  Smoke    Gender_m
count  589.000000  589.000000  589.000000  589.000000  589.0  589.000000
mean     9.534805    2.566143   60.612733    0.526316    0.0    0.526316
std      2.740642    0.850522    5.672432    0.499731    0.0    0.499731
min      3.000000    0.791000   46.000000    0.000000    0.0    0.000000
25%      8.000000    1.920000   57.000000    0.000000    0.0    0.000000
50%      9.000000    2.465000   61.000000    1.000000    0.0    1.000000
75%     11.000000    3.048000   64.500000    1.000000    0.0    1.000000
max     19.000000    5.793000   74.000000    1.000000    0.0    1.000000

Stats on boys who smoke:
              Age        FEV        Hgt   Sex  Smoke  Gender_m
count  26.000000  26.000000  26.000000  26.0   26.0      26.0
mean   13.923077   3.743231  68.057692   1.0    1.0       1.0
std     2.464517   0.889468   3.232111   0.0    0.0       0.0
min     9.000000   1.694000  58.000000   1.0    1.0       1.0
25%    12.000000   3.358750  67.000000   1.0    1.0       1.0
50%    14.000000   3.878000  68.000000   1.0    1.0       1.0
75%    16.000000   4.380250  69.375000   1.0    1.0       1.0
max    18.000000   4.872000  72.000000   1.0    1.0       1.0

Stats on girls who smoke:
              Age        FEV        Hgt   Sex  Smoke  Gender_m
count  39.000000  39.000000  39.000000  39.0   39.0      39.0
mean   13.256410   2.965949  64.551282   0.0    1.0       0.0
std     2.244501   0.422861   2.290699   0.0    0.0       0.0
min    10.000000   2.198000  60.000000   0.0    1.0       0.0
25%    11.500000   2.678000  63.000000   0.0    1.0       0.0
50%    13.000000   3.074000  65.000000   0.0    1.0       0.0
75%    15.000000   3.197000  66.000000   0.0    1.0       0.0
max    19.000000   3.835000  69.500000   0.0    1.0       0.0

Number of smokers:
 0    589
1     65
Name: Smoke, dtype: int64

FEV and Age:
 AgeGroup       3-4       5-9     10-14     15-19
Sex                                             
0         1.280857  2.028878  2.872844  2.961864
1         1.248250  2.092733  3.286729  4.319852

FEV and Smoking:
 Smoke         0         1
Sex                      
0      2.379211  2.965949
1      2.734381  3.743231

FEV and Height
 Hgt   46.0   46.5    47.0  48.0     49.0   49.5    50.0   50.5   51.0    51.5  \
Sex                                                                             
0    1.072  1.196     NaN  1.11  1.41925    NaN  1.3378    NaN  1.580  1.4735   
1      NaN    NaN  0.9805  1.27      NaN  1.425  1.7935  1.536  1.683  1.5140   

Hgt      52.0   52.5      53.0   53.5      54.0      54.5      55.0   55.5  \
Sex                                                                          
0    1.388667  1.577  1.688667  1.415  1.640800  1.748333  1.631333  2.036   
1    1.591500  1.710  1.664583  1.974  1.780857  1.838000  1.803444  1.807   

Hgt      56.0      56.5      57.0    57.5      58.0    58.5      59.0  \
Sex                                                                     
0    1.650500  1.787500  1.903727  1.9300  2.193417  1.9440  2.199583   
1    2.024571  1.878667  2.087533  1.8286  2.016900  2.1314  2.349556   

Hgt      59.5      60.0      60.5      61.0      61.5      62.0     62.5  \
Sex                                                                        
0    2.517000  2.565905  2.556333  2.698067  2.625667  2.786143  2.77775   
1    2.514875  2.278667  2.325333  2.469889  2.541000  2.658222  2.82950   

Hgt     63.0      63.5      64.0      64.5      65.0   65.4      65.5  \
Sex                                                                     
0    2.72664  2.995111  2.973133  2.863875  3.089636  2.434  3.154375   
1    2.87700  2.757250  2.697250  3.100182  2.769875    NaN  3.034333   

Hgt     66.0      66.5      67.0      67.5      68.0    68.5      69.0  \
Sex                                                                      
0    2.98375  3.284333  3.166571  2.922200  3.214000  3.3300       NaN   
1    3.11520  3.353333  3.779077  3.611857  3.877929  3.8717  4.022182   

Hgt      69.5      70.0      70.5   71.0  71.5      72.0   72.5   73.0   73.5  \
Sex                                                                             
0    3.835000       NaN       NaN  2.538   NaN       NaN    NaN    NaN    NaN   
1    3.742667  4.197455  3.930571  4.310  4.72  4.360875  4.272  5.255  3.645   

Hgt   74.0  
Sex         
0      NaN  
1    4.654  
Boys: FEV to Age Correlation: 0.8109481060687461
Boys: FEV to Height Correlation: 0.8823832564474551
Boys: FEV to Smoking Correlation: 0.2689939233248913
Girls: FEV to Age Correlation: 0.7390163202201087
Girls: FEV to Height Correlation: 0.8342846969895438
Girls: FEV to Smoking Correlation: 0.2985244486513611
                Id           ph     Hardness        Solids  Chloramines  \
count  3276.000000  2785.000000  3276.000000   3276.000000  3276.000000   
mean   1637.500000     7.080795   196.369496  22014.092526     7.122277   
std     945.844067     1.594320    32.879761   8768.570828     1.583085   
min       0.000000     0.000000    47.432000    320.942611     0.352000   
25%     818.750000     6.093092   176.850538  15666.690297     6.127421   
50%    1637.500000     7.036752   196.967627  20927.833607     7.130299   
75%    2456.250000     8.062066   216.667456  27332.762127     8.114887   
max    3275.000000    14.000000   323.124000  61227.196008    13.127000   

           Sulfate  Conductivity  Organic_carbon  Trihalomethanes  \
count  2495.000000   3276.000000     3276.000000      3114.000000   
mean    333.775777    426.205111       14.284970        66.396293   
std      41.416840     80.824064        3.308162        16.175008   
min     129.000000    181.483754        2.200000         0.738000   
25%     307.699498    365.734414       12.065801        55.844536   
50%     333.073546    421.884968       14.218338        66.622485   
75%     359.950170    481.792304       16.557652        77.337473   
max     481.030642    753.342620       28.300000       124.000000   

         Turbidity   Potability         site  
count  3276.000000  3276.000000  3276.000000  
mean      3.966786     0.390110     1.999389  
std       0.780382     0.487849     0.825546  
min       1.450000     0.000000     1.000000  
25%       3.439711     0.000000     1.000000  
50%       3.955028     0.000000     2.000000  
75%       4.500320     1.000000     3.000000  
max       6.739000     1.000000     3.000000  
Potability
0    7.085378
1    7.073783
Name: ph, dtype: float64
                Id           ph     Hardness        Solids  Chloramines  \
count  1278.000000  1101.000000  1278.000000   1278.000000  1278.000000   
mean   1761.953052     7.073783   195.800744  22383.991018     7.169338   
std     939.496160     1.448048    35.547041   9101.010208     1.702988   
min     250.000000     0.227499    47.432000    728.750830     0.352000   
25%     881.750000     6.179312   174.330531  15668.985035     6.094134   
50%    1638.500000     7.036752   196.632907  21199.386614     7.215163   
75%    2457.750000     7.933068   218.003420  27973.236446     8.199261   
max    3275.000000    13.175402   323.124000  56488.672413    13.127000   

          Sulfate  Conductivity  Organic_carbon  Trihalomethanes    Turbidity  \
count  985.000000   1278.000000     1278.000000      1223.000000  1278.000000   
mean   332.566990    425.383800       14.160893        66.539684     3.968328   
std     47.692818     82.048446        3.263907        16.327419     0.780842   
min    129.000000    201.619737        2.200000         8.175876     1.492207   
25%    300.763772    360.939023       12.033897        56.014249     3.430909   
50%    331.838167    420.712729       14.162809        66.678214     3.958576   
75%    365.941346    484.155911       16.356245        77.380975     4.509569   
max    481.030642    695.369528       23.604298       124.000000     6.494249   

       Potability         site  
sitecount      1278.0  1278.000000  
mean          1.0     1.989045  
std           0.0     0.818658  
min           1.0     1.000000  
25%           1.0     1.000000  
50%           1.0     2.000000  
75%           1.0     3.000000  
max           1.0     3.000000  
                Id           ph     Hardness        Solids  Chloramines  \
count  1998.000000  1684.000000  1998.000000   1998.000000  1998.000000   
mean   1557.894895     7.085378   196.733292  21777.490788     7.092175   
std     941.525253     1.683499    31.057540   8543.068788     1.501045   
min       0.000000     0.000000    98.452931    320.942611     1.683993   
25%     699.250000     6.037723   177.823265  15663.057382     6.155640   
50%    1478.500000     7.035456   197.123423  20809.618280     7.090334   
75%    2297.750000     8.155510   216.120687  27006.249009     8.066462   
max    3116.000000    14.000000   304.235912  61227.196008    12.653362   

           Sulfate  Conductivity  Organic_carbon  Trihalomethanes  \
count  1510.000000   1998.000000     1998.000000      1891.000000   
mean    334.564290    426.730454       14.364335        66.303555   
std      36.745549     80.047317        3.334554        16.079320   
min     203.444521    181.483754        4.371899         0.738000   
25%     311.264006    368.498530       12.101057        55.706530   
50%     333.389426    422.229331       14.293508        66.542198   
75%     356.853897    480.677198       16.649485        77.277704   
max     460.107069    753.342620       28.300000       120.030077   

         Turbidity  Potability         site  
count  1998.000000      1998.0  1998.000000  
mean      3.965800         0.0     2.006006  
std       0.780282         0.0     0.830059  
min       1.450000         0.0     1.000000  
25%       3.444062         0.0     1.000000  
50%       3.948076         0.0     2.000000  
75%       4.496106         0.0     3.000000  
max       6.739000         0.0     3.000000  
