               Age       Height       Weight         FCVC          NCP          TUE          FAF          CH2O  
count  2111.000000  2111.000000  2111.000000  2111.000000  2111.000000  2111.000000  2111.000000   2111.000000  
mean     24.312600     1.701677    86.586058     2.419043     2.685628     0.657866     1.010298      2.008011  
std       6.345968     0.093305    26.191172     0.533927     0.778039     0.608927     0.850592      0.612953  
min      14.000000     1.450000    39.000000     1.000000     1.000000     0.000000     0.000000      1.000000  
25%      19.947192     1.630000    65.473343     2.000000     2.658738     0.000000     0.124505      1.584812  
50%      22.777890     1.700499    83.000000     2.385502     3.000000     0.625350     1.000000      2.000000  
75%      26.000000     1.768464   107.430682     3.000000     3.000000     1.000000     1.666678      2.477420  
max      61.000000     1.980000   173.000000     3.000000     4.000000     2.000000     3.000000      3.000000  

       
count  
mean   
std    
min    
25%    
50%    
75%    
max    
